0.000000000000000000e+00 7.536419072643159023e-01 6.191768043872444283e-01 4.598480657521094583e-01 6.151482846301162821e-01 8.229760360868862978e-01 8.506746210381224138e-01 6.327181120467232356e-01 6.448195634784140706e-01 6.040171836660811477e-01 7.761182284193507419e-01 9.031102587696767658e-01 7.846176242299391923e-01 3.037432842628604135e+00 2.115121473622327830e+00 2.003124244979692214e+00 2.151411773196560073e+00 2.614390934904533559e+00 2.277688064641529841e+00 1.182581125475975270e+00
7.536419072643159023e-01 0.000000000000000000e+00 5.698135105385160326e-01 5.928709520161994373e-01 3.292692660398089388e-01 3.651775358125103899e-01 3.366639229938225841e-01 5.850284182705943747e-01 9.206480294912851026e-01 2.561193805279137203e-01 6.954131357130861613e-01 4.918131913843828418e-01 7.945696002641358113e-01 2.865163477585502605e+00 2.202393708855947096e+00 2.456574783139327423e+00 2.396556519353409520e+00 2.897060451196998176e+00 2.734492595730256603e+00 1.654184100707122296e+00
6.191768043872444283e-01 5.698135105385160326e-01 0.000000000000000000e+00 1.414271760680294865e-01 3.928012421966987078e-01 2.488046936927882646e-01 2.758631760463132743e-01 1.308678281855709946e-01 4.352210834932201955e-01 4.135071633774761724e-01 2.872599333108705189e-01 3.549972379034201930e-01 3.338268240178773882e-01 2.659443129750452162e+00 1.725449338428913348e+00 1.756420611356540817e+00 2.089919456198682912e+00 2.478198329463239702e+00 2.713416024333100918e+00 1.304669465022435748e+00
4.598480657521094583e-01 5.928709520161994373e-01 1.414271760680294865e-01 0.000000000000000000e+00 4.428415055171824322e-01 3.404910610220987510e-01 3.597858080024319283e-01 8.800968602284876818e-02 3.704141169451041216e-01 4.243498715183106063e-01 3.014610859197650594e-01 4.213688129773048852e-01 3.124608906938904918e-01 2.506601590081572795e+00 1.876951673198066883e+00 1.676679884043712487e+00 2.061499692069344469e+00 2.363396726646294965e+00 2.417055657980037076e+00 1.238600260503071926e+00
6.151482846301162821e-01 3.292692660398089388e-01 3.928012421966987078e-01 4.428415055171824322e-01 0.000000000000000000e+00 3.477273750490847970e-01 3.070742155288250785e-01 4.686627960242062407e-01 8.313934200977257660e-01 1.567142378168570604e-01 5.970809894335959989e-01 3.792634317047332559e-01 6.652169595206984809e-01 3.616639384235661225e+00 2.245482414632936408e+00 2.128649693718004166e+00 2.052194577517220342e+00 2.712971419711263099e+00 2.693743731899866489e+00 1.348550986808261021e+00
8.229760360868862978e-01 3.651775358125103899e-01 2.488046936927882646e-01 3.404910610220987510e-01 3.477273750490847970e-01 0.000000000000000000e+00 7.840927398817458538e-02 3.057298300231587884e-01 6.083364446601795539e-01 3.046579971847568347e-01 4.598005559166041811e-01 1.838413628991019677e-01 5.034482916858157298e-01 2.884091846387477176e+00 2.180547430583688051e+00 1.989430551188158036e+00 2.277325881627730642e+00 2.675196038365906581e+00 2.662738810861176919e+00 1.512004151698708387e+00
8.506746210381224138e-01 3.366639229938225841e-01 2.758631760463132743e-01 3.597858080024319283e-01 3.070742155288250785e-01 7.840927398817458538e-02 0.000000000000000000e+00 3.534072098160098152e-01 6.914114509803792608e-01 3.247952235288984468e-01 4.868494282625340785e-01 2.367417786460365714e-01 5.448851706841260079e-01 2.704436125387720047e+00 2.213226606413858821e+00 2.017364030685483201e+00 2.319024403458169736e+00 2.678849103967702039e+00 2.717974458290527640e+00 1.466687049961213685e+00
6.327181120467232356e-01 5.850284182705943747e-01 1.308678281855709946e-01 8.800968602284876818e-02 4.686627960242062407e-01 3.057298300231587884e-01 3.534072098160098152e-01 0.000000000000000000e+00 3.369933796965592920e-01 4.670580691463773193e-01 2.015173560522816043e-01 3.478886039322688362e-01 2.544829798117346220e-01 2.541374780983106874e+00 1.832157480765336910e+00 1.704700978337682082e+00 2.193818700324734028e+00 2.260894217342329870e+00 2.544492202579521578e+00 1.253904392116887090e+00
6.448195634784140706e-01 9.206480294912851026e-01 4.352210834932201955e-01 3.704141169451041216e-01 8.313934200977257660e-01 6.083364446601795539e-01 6.914114509803792608e-01 3.369933796965592920e-01 0.000000000000000000e+00 7.889631638383385326e-01 2.102136416809178843e-01 5.611165732732509293e-01 2.803869796586729857e-01 2.432508821389369302e+00 1.708186895019640383e+00 1.311244582766037281e+00 1.870527157957086573e+00 1.988270676592249542e+00 2.348194384998212758e+00 1.172909851853134455e+00
6.040171836660811477e-01 2.561193805279137203e-01 4.135071633774761724e-01 4.243498715183106063e-01 1.567142378168570604e-01 3.046579971847568347e-01 3.247952235288984468e-01 4.670580691463773193e-01 7.889631638383385326e-01 0.000000000000000000e+00 6.779869673215017656e-01 3.597499285096242838e-01 6.684808652085949543e-01 3.267094056366203425e+00 2.202605452230514071e+00 2.181913276658336009e+00 2.251378161537905154e+00 2.780378136920115484e+00 2.697103138168307268e+00 1.424050579450962140e+00
7.761182284193507419e-01 6.954131357130861613e-01 2.872599333108705189e-01 3.014610859197650594e-01 5.970809894335959989e-01 4.598005559166041811e-01 4.868494282625340785e-01 2.015173560522816043e-01 2.102136416809178843e-01 6.779869673215017656e-01 0.000000000000000000e+00 3.704315544291927331e-01 1.094487680888971415e-01 2.484852690154879973e+00 1.801873905704716616e+00 1.612427298099240680e+00 2.139073271545560040e+00 2.470655238147132504e+00 2.514169994190312618e+00 1.380584344478467562e+00
9.031102587696767658e-01 4.918131913843828418e-01 3.549972379034201930e-01 4.213688129773048852e-01 3.792634317047332559e-01 1.838413628991019677e-01 2.367417786460365714e-01 3.478886039322688362e-01 5.611165732732509293e-01 3.597499285096242838e-01 3.704315544291927331e-01 0.000000000000000000e+00 4.410858975597515830e-01 2.676959085563121121e+00 2.121938217520065173e+00 1.950705433218037355e+00 2.365738505948233872e+00 2.598039543416524655e+00 2.789304832618081598e+00 1.562985453820916470e+00
7.846176242299391923e-01 7.945696002641358113e-01 3.338268240178773882e-01 3.124608906938904918e-01 6.652169595206984809e-01 5.034482916858157298e-01 5.448851706841260079e-01 2.544829798117346220e-01 2.803869796586729857e-01 6.684808652085949543e-01 1.094487680888971415e-01 4.410858975597515830e-01 0.000000000000000000e+00 2.358006806477582096e+00 1.798239031449371250e+00 1.638945463318603357e+00 2.162526076718690238e+00 2.121462432999518199e+00 2.591077896673469994e+00 1.347591520494149098e+00
3.037432842628604135e+00 2.865163477585502605e+00 2.659443129750452162e+00 2.506601590081572795e+00 3.616639384235661225e+00 2.884091846387477176e+00 2.704436125387720047e+00 2.541374780983106874e+00 2.432508821389369302e+00 3.267094056366203425e+00 2.484852690154879973e+00 2.676959085563121121e+00 2.358006806477582096e+00 0.000000000000000000e+00 1.066270824020505881e+00 1.245196259850733123e+00 1.088462535306583323e+00 6.198448070231066254e-01 8.554356213276520515e-01 1.841942889621319246e+00
2.115121473622327830e+00 2.202393708855947096e+00 1.725449338428913348e+00 1.876951673198066883e+00 2.245482414632936408e+00 2.180547430583688051e+00 2.213226606413858821e+00 1.832157480765336910e+00 1.708186895019640383e+00 2.202605452230514071e+00 1.801873905704716616e+00 2.121938217520065173e+00 1.798239031449371250e+00 1.066270824020505881e+00 0.000000000000000000e+00 2.889002102624220747e-01 4.938563950440752470e-01 6.110266171497503729e-01 7.928284710317787809e-01 1.090938524335409054e+00
2.003124244979692214e+00 2.456574783139327423e+00 1.756420611356540817e+00 1.676679884043712487e+00 2.128649693718004166e+00 1.989430551188158036e+00 2.017364030685483201e+00 1.704700978337682082e+00 1.311244582766037281e+00 2.181913276658336009e+00 1.612427298099240680e+00 1.950705433218037355e+00 1.638945463318603357e+00 1.245196259850733123e+00 2.889002102624220747e-01 0.000000000000000000e+00 7.253346238358217013e-01 8.133710972820203944e-01 1.044243622536221050e+00 9.282787394005032056e-01
2.151411773196560073e+00 2.396556519353409520e+00 2.089919456198682912e+00 2.061499692069344469e+00 2.052194577517220342e+00 2.277325881627730642e+00 2.319024403458169736e+00 2.193818700324734028e+00 1.870527157957086573e+00 2.251378161537905154e+00 2.139073271545560040e+00 2.365738505948233872e+00 2.162526076718690238e+00 1.088462535306583323e+00 4.938563950440752470e-01 7.253346238358217013e-01 0.000000000000000000e+00 6.237801522329098347e-01 4.108211886024109583e-01 1.005490468373883228e+00
2.614390934904533559e+00 2.897060451196998176e+00 2.478198329463239702e+00 2.363396726646294965e+00 2.712971419711263099e+00 2.675196038365906581e+00 2.678849103967702039e+00 2.260894217342329870e+00 1.988270676592249542e+00 2.780378136920115484e+00 2.470655238147132504e+00 2.598039543416524655e+00 2.121462432999518199e+00 6.198448070231066254e-01 6.110266171497503729e-01 8.133710972820203944e-01 6.237801522329098347e-01 0.000000000000000000e+00 5.945933554005209398e-01 1.525305053414663714e+00
2.277688064641529841e+00 2.734492595730256603e+00 2.713416024333100918e+00 2.417055657980037076e+00 2.693743731899866489e+00 2.662738810861176919e+00 2.717974458290527640e+00 2.544492202579521578e+00 2.348194384998212758e+00 2.697103138168307268e+00 2.514169994190312618e+00 2.789304832618081598e+00 2.591077896673469994e+00 8.554356213276520515e-01 7.928284710317787809e-01 1.044243622536221050e+00 4.108211886024109583e-01 5.945933554005209398e-01 0.000000000000000000e+00 1.322172692249217629e+00
1.182581125475975270e+00 1.654184100707122296e+00 1.304669465022435748e+00 1.238600260503071926e+00 1.348550986808261021e+00 1.512004151698708387e+00 1.466687049961213685e+00 1.253904392116887090e+00 1.172909851853134455e+00 1.424050579450962140e+00 1.380584344478467562e+00 1.562985453820916470e+00 1.347591520494149098e+00 1.841942889621319246e+00 1.090938524335409054e+00 9.282787394005032056e-01 1.005490468373883228e+00 1.525305053414663714e+00 1.322172692249217629e+00 0.000000000000000000e+00
