0.000000000000000000e+00 1.198653580881304137e+00 1.236525445195148176e+00 8.996920007418583998e-01 9.573396832846942095e-01 8.910899286256871443e-01 6.031930332121873128e-01 1.182782705638095955e+00 9.811724754676999227e-01 1.328521819822167993e+00 5.320570628785629141e-01 1.725351916714275902e+00 6.093376003013610820e-01 8.584115667301964736e-01 1.677794974133823003e-01 1.042855560217448740e+00 1.144595657279904755e+00 6.910294776769844161e-01 1.122809487589731647e+00 4.880534519101950020e-01
1.198653580881304137e+00 0.000000000000000000e+00 4.011916871930918393e-01 6.217421343503251041e-01 4.430815710723599032e-01 5.293048278050414002e-01 6.895783124639315309e-01 6.340458302558591441e-01 7.036362785193065461e-01 4.068905329639601054e-01 9.020257870868173544e-01 8.849504081067703920e-01 1.059488828686366180e+00 1.908924450472883061e+00 1.219632668996482483e+00 2.180984053877228934e+00 2.193775770994352836e+00 9.230967998600102531e-01 2.057720915277919005e+00 1.520482879367096585e+00
1.236525445195148176e+00 4.011916871930918393e-01 0.000000000000000000e+00 5.326101988152194266e-01 4.200219545173201063e-01 4.501737960006177985e-01 7.627413407288454739e-01 5.452217433559962689e-01 5.879403815611156103e-01 5.611580720340787476e-01 7.981037566924665816e-01 9.824935378407078090e-01 8.951846628048271137e-01 1.759369731635080036e+00 1.307271353652522450e+00 1.688098402814808940e+00 1.864397934852681127e+00 8.625115319778495770e-01 1.816882260341810662e+00 1.464686711163411648e+00
8.996920007418583998e-01 6.217421343503251041e-01 5.326101988152194266e-01 0.000000000000000000e+00 4.062891118403162416e-01 3.781174529283936603e-01 4.677054103181115252e-01 5.908441667352243298e-01 1.239906756671406152e-01 5.984216650248043168e-01 4.749180991306323207e-01 9.997662972546800253e-01 4.855630778008624415e-01 1.567234095240346292e+00 8.398335577743170077e-01 1.731884856875998580e+00 2.028187773689651863e+00 4.713479143751839739e-01 1.535955800139103156e+00 1.143701313199654068e+00
9.573396832846942095e-01 4.430815710723599032e-01 4.200219545173201063e-01 4.062891118403162416e-01 0.000000000000000000e+00 3.734979225775927336e-01 4.360424344639658445e-01 4.642301673175909804e-01 4.936138187390629040e-01 4.811371877271871100e-01 6.265852054723912712e-01 8.800918333644053293e-01 7.689020339267774728e-01 1.656742890642076027e+00 9.857424741046927341e-01 1.864653131732321167e+00 2.080029726480382202e+00 6.366886824063614503e-01 1.872172416374833226e+00 1.273987809913974978e+00
8.910899286256871443e-01 5.293048278050414002e-01 4.501737960006177985e-01 3.781174529283936603e-01 3.734979225775927336e-01 0.000000000000000000e+00 3.668088154360585884e-01 7.187619606188778709e-01 4.579935224943437189e-01 7.101246963441810722e-01 5.755235652321318840e-01 1.098349959821409927e+00 7.112267701249546104e-01 1.421532472124969582e+00 9.318498850881944406e-01 1.616880929864132677e+00 1.751148802701431917e+00 5.645849475304224319e-01 1.530476144317008513e+00 1.279293591609958369e+00
6.031930332121873128e-01 6.895783124639315309e-01 7.627413407288454739e-01 4.677054103181115252e-01 4.360424344639658445e-01 3.668088154360585884e-01 0.000000000000000000e+00 7.374789555494065674e-01 5.492228284397081550e-01 7.978856634345454779e-01 3.380719864184905665e-01 1.237152732457402315e+00 4.972488005761726559e-01 1.303002037750759845e+00 6.371251080810350631e-01 1.505800709160113993e+00 1.606709841265184568e+00 3.639503626096278199e-01 1.547314100358540001e+00 9.469404783558919014e-01
1.182782705638095955e+00 6.340458302558591441e-01 5.452217433559962689e-01 5.908441667352243298e-01 4.642301673175909804e-01 7.187619606188778709e-01 7.374789555494065674e-01 0.000000000000000000e+00 5.608865284397357431e-01 8.007821440354113696e-01 8.531705821951904856e-01 1.131369707377682943e+00 8.924057028577654371e-01 1.616144432160207867e+00 1.154968049556863274e+00 1.820900006007812877e+00 2.028233089882271134e+00 9.478663427995849267e-01 2.010126672175712059e+00 1.135240980712701964e+00
9.811724754676999227e-01 7.036362785193065461e-01 5.879403815611156103e-01 1.239906756671406152e-01 4.936138187390629040e-01 4.579935224943437189e-01 5.492228284397081550e-01 5.608865284397357431e-01 0.000000000000000000e+00 6.357309600721506859e-01 5.413150981820604724e-01 1.083737839793128321e+00 4.437010617754088559e-01 1.386582736344586619e+00 9.252512014892095848e-01 1.746192125796356631e+00 2.110386170918751692e+00 4.670426508339305949e-01 2.084945598302158309e+00 1.166993938578278378e+00
1.328521819822167993e+00 4.068905329639601054e-01 5.611580720340787476e-01 5.984216650248043168e-01 4.811371877271871100e-01 7.101246963441810722e-01 7.978856634345454779e-01 8.007821440354113696e-01 6.357309600721506859e-01 0.000000000000000000e+00 9.154294410339887111e-01 6.936992808012603096e-01 9.512838485161112523e-01 2.056523157769723387e+00 1.243413336179209683e+00 2.260657526806472362e+00 2.492039135109140435e+00 8.177053260029887305e-01 2.226598476408225391e+00 1.659654374811722732e+00
5.320570628785629141e-01 9.020257870868173544e-01 7.981037566924665816e-01 4.749180991306323207e-01 6.265852054723912712e-01 5.755235652321318840e-01 3.380719864184905665e-01 8.531705821951904856e-01 5.413150981820604724e-01 9.154294410339887111e-01 0.000000000000000000e+00 1.298547202471185269e+00 1.871839803191350515e-01 1.194931628558658421e+00 5.479169129042417152e-01 1.382164716141311089e+00 1.488299717362913555e+00 3.363056034434179775e-01 1.553621619152394606e+00 7.893438220561653784e-01
1.725351916714275902e+00 8.849504081067703920e-01 9.824935378407078090e-01 9.997662972546800253e-01 8.800918333644053293e-01 1.098349959821409927e+00 1.237152732457402315e+00 1.131369707377682943e+00 1.083737839793128321e+00 6.936992808012603096e-01 1.298547202471185269e+00 0.000000000000000000e+00 1.416048063422878700e+00 2.471387301639750511e+00 1.669469955233396918e+00 2.642201778281502822e+00 2.639192143211167352e+00 1.276989645275565799e+00 2.482845105935563179e+00 1.916821197483757899e+00
6.093376003013610820e-01 1.059488828686366180e+00 8.951846628048271137e-01 4.855630778008624415e-01 7.689020339267774728e-01 7.112267701249546104e-01 4.972488005761726559e-01 8.924057028577654371e-01 4.437010617754088559e-01 9.512838485161112523e-01 1.871839803191350515e-01 1.416048063422878700e+00 0.000000000000000000e+00 1.273108317105332787e+00 5.826328627010748384e-01 1.374378452409073637e+00 1.712962227744148302e+00 2.701286219590953164e-01 1.657883608080456206e+00 8.374780993433176279e-01
8.584115667301964736e-01 1.908924450472883061e+00 1.759369731635080036e+00 1.567234095240346292e+00 1.656742890642076027e+00 1.421532472124969582e+00 1.303002037750759845e+00 1.616144432160207867e+00 1.386582736344586619e+00 2.056523157769723387e+00 1.194931628558658421e+00 2.471387301639750511e+00 1.273108317105332787e+00 0.000000000000000000e+00 9.258160335012354247e-01 3.381594153733756269e-01 6.365022653504135430e-01 1.472343761280062946e+00 5.125139626018436756e-01 5.758040339760561732e-01
1.677794974133823003e-01 1.219632668996482483e+00 1.307271353652522450e+00 8.398335577743170077e-01 9.857424741046927341e-01 9.318498850881944406e-01 6.371251080810350631e-01 1.154968049556863274e+00 9.252512014892095848e-01 1.243413336179209683e+00 5.479169129042417152e-01 1.669469955233396918e+00 5.826328627010748384e-01 9.258160335012354247e-01 0.000000000000000000e+00 1.173246488071456817e+00 1.248676933621647667e+00 6.928668054272600907e-01 1.183225381050797109e+00 5.298299876686586307e-01
1.042855560217448740e+00 2.180984053877228934e+00 1.688098402814808940e+00 1.731884856875998580e+00 1.864653131732321167e+00 1.616880929864132677e+00 1.505800709160113993e+00 1.820900006007812877e+00 1.746192125796356631e+00 2.260657526806472362e+00 1.382164716141311089e+00 2.642201778281502822e+00 1.374378452409073637e+00 3.381594153733756269e-01 1.173246488071456817e+00 0.000000000000000000e+00 3.878960389772158623e-01 1.596544415949782802e+00 3.397818509597879677e-01 8.377408366075715929e-01
1.144595657279904755e+00 2.193775770994352836e+00 1.864397934852681127e+00 2.028187773689651863e+00 2.080029726480382202e+00 1.751148802701431917e+00 1.606709841265184568e+00 2.028233089882271134e+00 2.110386170918751692e+00 2.492039135109140435e+00 1.488299717362913555e+00 2.639192143211167352e+00 1.712962227744148302e+00 6.365022653504135430e-01 1.248676933621647667e+00 3.878960389772158623e-01 0.000000000000000000e+00 1.783376563407415016e+00 2.877288772123626215e-01 1.144213576888959860e+00
6.910294776769844161e-01 9.230967998600102531e-01 8.625115319778495770e-01 4.713479143751839739e-01 6.366886824063614503e-01 5.645849475304224319e-01 3.639503626096278199e-01 9.478663427995849267e-01 4.670426508339305949e-01 8.177053260029887305e-01 3.363056034434179775e-01 1.276989645275565799e+00 2.701286219590953164e-01 1.472343761280062946e+00 6.928668054272600907e-01 1.596544415949782802e+00 1.783376563407415016e+00 0.000000000000000000e+00 1.770954587690962256e+00 1.082058651072216993e+00
1.122809487589731647e+00 2.057720915277919005e+00 1.816882260341810662e+00 1.535955800139103156e+00 1.872172416374833226e+00 1.530476144317008513e+00 1.547314100358540001e+00 2.010126672175712059e+00 2.084945598302158309e+00 2.226598476408225391e+00 1.553621619152394606e+00 2.482845105935563179e+00 1.657883608080456206e+00 5.125139626018436756e-01 1.183225381050797109e+00 3.397818509597879677e-01 2.877288772123626215e-01 1.770954587690962256e+00 0.000000000000000000e+00 1.031845449756236155e+00
4.880534519101950020e-01 1.520482879367096585e+00 1.464686711163411648e+00 1.143701313199654068e+00 1.273987809913974978e+00 1.279293591609958369e+00 9.469404783558919014e-01 1.135240980712701964e+00 1.166993938578278378e+00 1.659654374811722732e+00 7.893438220561653784e-01 1.916821197483757899e+00 8.374780993433176279e-01 5.758040339760561732e-01 5.298299876686586307e-01 8.377408366075715929e-01 1.144213576888959860e+00 1.082058651072216993e+00 1.031845449756236155e+00 0.000000000000000000e+00
