0.000000000000000000e+00 1.082789169210500502e+00 8.469861754242969942e-01 5.721444047496163643e-01 7.746988161452741384e-01 7.784717977116019094e-01 9.495903163038523775e-01 8.995439603012947982e-01 3.152956854370619344e-01 7.488402713563966362e-01 2.744468740234037862e-01 7.709155447664497451e-01 6.638508242538527782e-01 2.166694087901072319e+00 1.720023086414734781e+00 1.176937509649972347e+00 1.018776346804312061e+00 2.032731431391697541e+00 1.205523345283392000e+00 5.305374012206975909e-01
1.082789169210500502e+00 0.000000000000000000e+00 4.571624020798124577e-01 6.939233490088083656e-01 4.109569396515646567e-01 4.162897529238059890e-01 4.048427551657081680e-01 4.278473253853810054e-01 1.085831445272371854e+00 5.162242995431878256e-01 9.610192570710482940e-01 4.933772811077382636e-01 6.552697350089224937e-01 2.949750370085743700e+00 2.463036369726063324e+00 1.959921660275605992e+00 1.805707806621965172e+00 3.050822208878479547e+00 1.907032791487297319e+00 1.292158108894047475e+00
8.469861754242969942e-01 4.571624020798124577e-01 0.000000000000000000e+00 5.896003872124572220e-01 2.825117781476698675e-01 2.759295082201166371e-01 4.510927915425370083e-01 1.700242484373969132e-01 7.749349560976844797e-01 3.054375329449239840e-01 8.345192518497445144e-01 1.855890894837865512e-01 5.152521680330144349e-01 2.666768074887585716e+00 2.313971000641044995e+00 1.842128687221149308e+00 1.569787007385689437e+00 2.900879624913222266e+00 1.829215698652868038e+00 9.789239453086479026e-01
5.721444047496163643e-01 6.939233490088083656e-01 5.896003872124572220e-01 0.000000000000000000e+00 5.566503363737864696e-01 4.922472343184352006e-01 7.692759913363393931e-01 5.150831703923788307e-01 6.546939474301239903e-01 3.565892628375101903e-01 5.659284223872792507e-01 6.061890680006246646e-01 3.872725459286376903e-01 2.601875506188563669e+00 2.020094339687758644e+00 1.620595020622136673e+00 1.371257108052814644e+00 2.657112491744752614e+00 1.496400418517817688e+00 9.078302913711712163e-01
7.746988161452741384e-01 4.109569396515646567e-01 2.825117781476698675e-01 5.566503363737864696e-01 0.000000000000000000e+00 2.869429034223298647e-01 2.978213021032325991e-01 2.813829933723032140e-01 8.619009754944609858e-01 3.251886418337588402e-01 9.123490778940328561e-01 3.636948841438047419e-01 5.980571666093755789e-01 2.874976654443737623e+00 2.455031084144026821e+00 1.858913372308056200e+00 1.659617454541038928e+00 2.828453501490537647e+00 1.908054444199162258e+00 1.077632798805867376e+00
7.784717977116019094e-01 4.162897529238059890e-01 2.759295082201166371e-01 4.922472343184352006e-01 2.869429034223298647e-01 0.000000000000000000e+00 4.360640567215036678e-01 2.602914180083677476e-01 7.817289765141323121e-01 3.129471384509762699e-01 7.278696001194904230e-01 3.585441605699574708e-01 3.402065280320897833e-01 2.486303628315254866e+00 2.129113917399117817e+00 1.678666914967152479e+00 1.395418105559199207e+00 2.657650710529684712e+00 1.632758844116269481e+00 1.062500470581323242e+00
9.495903163038523775e-01 4.048427551657081680e-01 4.510927915425370083e-01 7.692759913363393931e-01 2.978213021032325991e-01 4.360640567215036678e-01 0.000000000000000000e+00 4.915260124666139263e-01 9.921015933170890255e-01 5.145293400815077467e-01 1.094035323211819399e+00 4.774345864218113578e-01 7.383548530378959418e-01 2.965304053405398044e+00 2.538970751487444666e+00 2.063932053267766964e+00 1.867677176992376120e+00 2.999273092494025406e+00 2.073876553614183216e+00 1.243370621536335374e+00
8.995439603012947982e-01 4.278473253853810054e-01 1.700242484373969132e-01 5.150831703923788307e-01 2.813829933723032140e-01 2.602914180083677476e-01 4.915260124666139263e-01 0.000000000000000000e+00 8.011170294203644460e-01 2.435202345465975471e-01 8.344971771242261083e-01 3.080691065641498749e-01 5.411070732038053555e-01 2.623090515799172184e+00 2.525268035063291450e+00 1.729746428076995857e+00 1.664881894984507005e+00 2.739548801374296794e+00 1.722560805532493911e+00 9.502825613254990422e-01
3.152956854370619344e-01 1.085831445272371854e+00 7.749349560976844797e-01 6.546939474301239903e-01 8.619009754944609858e-01 7.817289765141323121e-01 9.921015933170890255e-01 8.011170294203644460e-01 0.000000000000000000e+00 7.497125309069143650e-01 2.833832070309153517e-01 6.835614701997151377e-01 6.724108225295513108e-01 2.043028648670548897e+00 1.621132791319137345e+00 1.128996125833090280e+00 9.193614462441525026e-01 2.051974361251714729e+00 1.054341394752267735e+00 3.375117313167715904e-01
7.488402713563966362e-01 5.162242995431878256e-01 3.054375329449239840e-01 3.565892628375101903e-01 3.251886418337588402e-01 3.129471384509762699e-01 5.145293400815077467e-01 2.435202345465975471e-01 7.497125309069143650e-01 0.000000000000000000e+00 7.631567676825068425e-01 3.735101831722301702e-01 4.501130567076182531e-01 2.670105548633658010e+00 2.141365352778138664e+00 1.678881395076096350e+00 1.549789390779652498e+00 2.703203233047540621e+00 1.679731594143195839e+00 9.574711891280889287e-01
2.744468740234037862e-01 9.610192570710482940e-01 8.345192518497445144e-01 5.659284223872792507e-01 9.123490778940328561e-01 7.278696001194904230e-01 1.094035323211819399e+00 8.344971771242261083e-01 2.833832070309153517e-01 7.631567676825068425e-01 0.000000000000000000e+00 7.628513912406114095e-01 4.635904364756086027e-01 2.035481014437516389e+00 1.508236647009768561e+00 1.067029343188456547e+00 9.802430990522107424e-01 1.981956509039439540e+00 1.041196538399772553e+00 5.400852450429858287e-01
7.709155447664497451e-01 4.933772811077382636e-01 1.855890894837865512e-01 6.061890680006246646e-01 3.636948841438047419e-01 3.585441605699574708e-01 4.774345864218113578e-01 3.080691065641498749e-01 6.835614701997151377e-01 3.735101831722301702e-01 7.628513912406114095e-01 0.000000000000000000e+00 5.010530891637831052e-01 2.597716431255382652e+00 2.234682351532716105e+00 1.750324222179557188e+00 1.399249064052039415e+00 2.583751858408854130e+00 1.731643653196990318e+00 8.729557775515763840e-01
6.638508242538527782e-01 6.552697350089224937e-01 5.152521680330144349e-01 3.872725459286376903e-01 5.980571666093755789e-01 3.402065280320897833e-01 7.383548530378959418e-01 5.411070732038053555e-01 6.724108225295513108e-01 4.501130567076182531e-01 4.635904364756086027e-01 5.010530891637831052e-01 0.000000000000000000e+00 2.297219027280203107e+00 1.909617524782299069e+00 1.462293187833097141e+00 1.313376199406260714e+00 2.393100152404368242e+00 1.465063903042181481e+00 9.684859861357344446e-01
2.166694087901072319e+00 2.949750370085743700e+00 2.666768074887585716e+00 2.601875506188563669e+00 2.874976654443737623e+00 2.486303628315254866e+00 2.965304053405398044e+00 2.623090515799172184e+00 2.043028648670548897e+00 2.670105548633658010e+00 2.035481014437516389e+00 2.597716431255382652e+00 2.297219027280203107e+00 0.000000000000000000e+00 6.969664652547699069e-01 1.261369271544594328e+00 1.223552448225442291e+00 1.862090903382259965e-01 1.316633505450892638e+00 2.099960931726630786e+00
1.720023086414734781e+00 2.463036369726063324e+00 2.313971000641044995e+00 2.020094339687758644e+00 2.455031084144026821e+00 2.129113917399117817e+00 2.538970751487444666e+00 2.525268035063291450e+00 1.621132791319137345e+00 2.141365352778138664e+00 1.508236647009768561e+00 2.234682351532716105e+00 1.909617524782299069e+00 6.969664652547699069e-01 0.000000000000000000e+00 5.826793962027321250e-01 7.956445121828658040e-01 6.950232877416214761e-01 7.509681301161490463e-01 1.661377800593479392e+00
1.176937509649972347e+00 1.959921660275605992e+00 1.842128687221149308e+00 1.620595020622136673e+00 1.858913372308056200e+00 1.678666914967152479e+00 2.063932053267766964e+00 1.729746428076995857e+00 1.128996125833090280e+00 1.678881395076096350e+00 1.067029343188456547e+00 1.750324222179557188e+00 1.462293187833097141e+00 1.261369271544594328e+00 5.826793962027321250e-01 0.000000000000000000e+00 3.099588580402639626e-01 1.142363896158105963e+00 3.003960590986160528e-01 1.101571591416953044e+00
1.018776346804312061e+00 1.805707806621965172e+00 1.569787007385689437e+00 1.371257108052814644e+00 1.659617454541038928e+00 1.395418105559199207e+00 1.867677176992376120e+00 1.664881894984507005e+00 9.193614462441525026e-01 1.549789390779652498e+00 9.802430990522107424e-01 1.399249064052039415e+00 1.313376199406260714e+00 1.223552448225442291e+00 7.956445121828658040e-01 3.099588580402639626e-01 0.000000000000000000e+00 1.266179675643170688e+00 2.691275257306380841e-01 9.041777155526098397e-01
2.032731431391697541e+00 3.050822208878479547e+00 2.900879624913222266e+00 2.657112491744752614e+00 2.828453501490537647e+00 2.657650710529684712e+00 2.999273092494025406e+00 2.739548801374296794e+00 2.051974361251714729e+00 2.703203233047540621e+00 1.981956509039439540e+00 2.583751858408854130e+00 2.393100152404368242e+00 1.862090903382259965e-01 6.950232877416214761e-01 1.142363896158105963e+00 1.266179675643170688e+00 0.000000000000000000e+00 1.378980206296889444e+00 2.025371995716476192e+00
1.205523345283392000e+00 1.907032791487297319e+00 1.829215698652868038e+00 1.496400418517817688e+00 1.908054444199162258e+00 1.632758844116269481e+00 2.073876553614183216e+00 1.722560805532493911e+00 1.054341394752267735e+00 1.679731594143195839e+00 1.041196538399772553e+00 1.731643653196990318e+00 1.465063903042181481e+00 1.316633505450892638e+00 7.509681301161490463e-01 3.003960590986160528e-01 2.691275257306380841e-01 1.378980206296889444e+00 0.000000000000000000e+00 1.075227840771928678e+00
5.305374012206975909e-01 1.292158108894047475e+00 9.789239453086479026e-01 9.078302913711712163e-01 1.077632798805867376e+00 1.062500470581323242e+00 1.243370621536335374e+00 9.502825613254990422e-01 3.375117313167715904e-01 9.574711891280889287e-01 5.400852450429858287e-01 8.729557775515763840e-01 9.684859861357344446e-01 2.099960931726630786e+00 1.661377800593479392e+00 1.101571591416953044e+00 9.041777155526098397e-01 2.025371995716476192e+00 1.075227840771928678e+00 0.000000000000000000e+00
