0.000000000000000000e+00 6.666550559907368223e-01 6.669630292651542725e-01 6.093773631474969088e-01 8.791978141556973103e-01 9.070289719786704952e-01 8.732021856746903232e-01 9.602945396641572318e-01 7.211545501237883737e-01 5.441213041162316078e-01 6.972782779617194837e-01 5.486066140771976851e-01 6.496810531184626925e-01 2.263334599793733304e+00 2.490004739549980251e+00 2.363868017404720412e+00 2.260650406450277039e+00 1.804838220886422651e+00 1.856852305572194606e+00 1.143476082141891004e+00
6.666550559907368223e-01 0.000000000000000000e+00 3.979597044055526722e-01 7.218238920155990446e-01 6.141715455914799060e-01 6.354812335731363504e-01 5.820205796598243442e-01 8.450663406856007143e-01 9.152005651745972470e-01 8.680144057923951939e-01 1.027926913158133893e+00 4.343212714867724644e-01 9.836638550452699858e-01 2.797298654734826862e+00 3.540958469221788807e+00 3.180382866157046351e+00 2.873646162797146353e+00 2.435585183282519939e+00 2.330671417286310998e+00 1.760502525395704954e+00
6.669630292651542725e-01 3.979597044055526722e-01 0.000000000000000000e+00 4.938339607007363741e-01 2.930304568513079633e-01 3.099610363698784843e-01 2.394386133188973198e-01 3.640093172101708796e-01 5.921790401192619235e-01 5.178807252833220742e-01 4.498219624534862682e-01 2.049007708161300345e-01 6.738115273896165824e-01 2.428070246037495217e+00 2.977978990081243449e+00 2.677943596511946023e+00 2.483710351650442849e+00 1.969195486994635980e+00 2.156177196479634794e+00 1.423255688554131204e+00
6.093773631474969088e-01 7.218238920155990446e-01 4.938339607007363741e-01 0.000000000000000000e+00 3.451653658586300577e-01 3.174355365646335247e-01 2.897378321788920963e-01 3.903286383265936466e-01 1.938113744383855030e-01 1.506826655895786848e-01 1.442786572307966642e-01 4.517801872252868445e-01 2.608897845975783336e-01 2.216445814116918100e+00 2.543250611625693658e+00 2.353830281808459102e+00 2.319424444713929390e+00 1.659957353746873032e+00 1.940760627119213044e+00 1.306592481872383527e+00
8.791978141556973103e-01 6.141715455914799060e-01 2.930304568513079633e-01 3.451653658586300577e-01 0.000000000000000000e+00 8.697544148432054256e-02 6.694452562050011435e-02 2.384831952105761488e-01 4.239776711134713438e-01 4.110289591061250247e-01 4.141767423963385597e-01 4.072593536260810110e-01 4.903792180142659274e-01 2.359418339442836299e+00 2.618808335646316543e+00 2.569026123527398120e+00 2.562870618063524120e+00 1.844046737269097402e+00 2.221919869021510507e+00 1.512579842515391126e+00
9.070289719786704952e-01 6.354812335731363504e-01 3.099610363698784843e-01 3.174355365646335247e-01 8.697544148432054256e-02 0.000000000000000000e+00 5.163357208650242586e-02 2.068759115792464798e-01 4.099968630333569730e-01 4.191160226919650733e-01 3.864765667616276712e-01 4.374020694368842554e-01 4.890341067873190117e-01 2.407470302199115064e+00 2.787226398728487542e+00 2.496349345175989942e+00 2.586624591051039701e+00 1.910210500905620501e+00 2.166992871796113107e+00 1.509598667743510703e+00
8.732021856746903232e-01 5.820205796598243442e-01 2.394386133188973198e-01 2.897378321788920963e-01 6.694452562050011435e-02 5.163357208650242586e-02 0.000000000000000000e+00 1.993716624620532063e-01 3.939488136296019349e-01 3.875930981976726253e-01 3.672697235092995949e-01 4.071518122441074028e-01 4.655275806506233849e-01 2.299566759621831658e+00 2.794054148879700161e+00 2.553214598909061550e+00 2.505677114226431801e+00 2.064391708363888078e+00 2.039821656769828184e+00 1.500246768205030001e+00
9.602945396641572318e-01 8.450663406856007143e-01 3.640093172101708796e-01 3.903286383265936466e-01 2.384831952105761488e-01 2.068759115792464798e-01 1.993716624620532063e-01 0.000000000000000000e+00 3.385198250225802674e-01 4.556471165936331058e-01 2.971777138323062339e-01 4.799357233819215862e-01 3.177609309027541462e-01 2.453170237291872890e+00 2.536708337547673331e+00 2.374158341277289530e+00 2.611893567531153870e+00 1.717815271018652723e+00 2.108726635344111866e+00 1.510190268818569104e+00
7.211545501237883737e-01 9.152005651745972470e-01 5.921790401192619235e-01 1.938113744383855030e-01 4.239776711134713438e-01 4.099968630333569730e-01 3.939488136296019349e-01 3.385198250225802674e-01 0.000000000000000000e+00 2.289325467953470805e-01 1.163331797766493092e-01 6.057075295597998954e-01 1.284791524523122841e-01 1.967997522080249029e+00 2.381073316870700118e+00 2.149889065073112171e+00 2.167776766423079593e+00 1.586962548673963580e+00 1.848102181204003269e+00 1.355650775597319058e+00
5.441213041162316078e-01 8.680144057923951939e-01 5.178807252833220742e-01 1.506826655895786848e-01 4.110289591061250247e-01 4.191160226919650733e-01 3.875930981976726253e-01 4.556471165936331058e-01 2.289325467953470805e-01 0.000000000000000000e+00 2.417545440310585880e-01 4.940520870386078678e-01 2.164631965471882080e-01 2.129891413927509358e+00 2.526736439249330335e+00 2.267741944777779572e+00 2.311452073571721666e+00 1.601373094704946487e+00 1.872308404177145169e+00 1.227224050106888509e+00
6.972782779617194837e-01 1.027926913158133893e+00 4.498219624534862682e-01 1.442786572307966642e-01 4.141767423963385597e-01 3.864765667616276712e-01 3.672697235092995949e-01 2.971777138323062339e-01 1.163331797766493092e-01 2.417545440310585880e-01 0.000000000000000000e+00 5.535507071439560445e-01 1.926725478315343132e-01 2.456636922326322914e+00 2.424198021389469826e+00 2.138026135656045934e+00 2.424364752622046204e+00 1.552741465363107309e+00 2.037423368557500503e+00 1.365497611802421352e+00
5.486066140771976851e-01 4.343212714867724644e-01 2.049007708161300345e-01 4.517801872252868445e-01 4.072593536260810110e-01 4.374020694368842554e-01 4.071518122441074028e-01 4.799357233819215862e-01 6.057075295597998954e-01 4.940520870386078678e-01 5.535507071439560445e-01 0.000000000000000000e+00 6.498189220930921106e-01 2.435155488404286750e+00 2.924536212359158505e+00 2.751219635581055645e+00 2.506240671912362217e+00 2.036501075323470467e+00 2.341642036056103215e+00 1.365535855872121118e+00
6.496810531184626925e-01 9.836638550452699858e-01 6.738115273896165824e-01 2.608897845975783336e-01 4.903792180142659274e-01 4.890341067873190117e-01 4.655275806506233849e-01 3.177609309027541462e-01 1.284791524523122841e-01 2.164631965471882080e-01 1.926725478315343132e-01 6.498189220930921106e-01 0.000000000000000000e+00 2.120659210591850030e+00 2.312742091690058288e+00 2.117832564360837999e+00 2.278680609991781125e+00 1.469993081771900689e+00 1.916520269465237902e+00 1.289395630823905403e+00
2.263334599793733304e+00 2.797298654734826862e+00 2.428070246037495217e+00 2.216445814116918100e+00 2.359418339442836299e+00 2.407470302199115064e+00 2.299566759621831658e+00 2.453170237291872890e+00 1.967997522080249029e+00 2.129891413927509358e+00 2.456636922326322914e+00 2.435155488404286750e+00 2.120659210591850030e+00 0.000000000000000000e+00 7.114632808845511303e-01 9.248599341873120494e-01 4.592877759542683402e-01 1.277016165929454772e+00 8.408751486543808440e-01 1.467310027216654600e+00
2.490004739549980251e+00 3.540958469221788807e+00 2.977978990081243449e+00 2.543250611625693658e+00 2.618808335646316543e+00 2.787226398728487542e+00 2.794054148879700161e+00 2.536708337547673331e+00 2.381073316870700118e+00 2.526736439249330335e+00 2.424198021389469826e+00 2.924536212359158505e+00 2.312742091690058288e+00 7.114632808845511303e-01 0.000000000000000000e+00 3.785326093849125662e-01 6.633895859777426685e-01 1.155415101167218017e+00 9.293202489486456219e-01 1.731892949175973806e+00
2.363868017404720412e+00 3.180382866157046351e+00 2.677943596511946023e+00 2.353830281808459102e+00 2.569026123527398120e+00 2.496349345175989942e+00 2.553214598909061550e+00 2.374158341277289530e+00 2.149889065073112171e+00 2.267741944777779572e+00 2.138026135656045934e+00 2.751219635581055645e+00 2.117832564360837999e+00 9.248599341873120494e-01 3.785326093849125662e-01 0.000000000000000000e+00 7.249940892612521948e-01 9.662034038493396704e-01 7.151429711311279025e-01 1.541253534231399991e+00
2.260650406450277039e+00 2.873646162797146353e+00 2.483710351650442849e+00 2.319424444713929390e+00 2.562870618063524120e+00 2.586624591051039701e+00 2.505677114226431801e+00 2.611893567531153870e+00 2.167776766423079593e+00 2.311452073571721666e+00 2.424364752622046204e+00 2.506240671912362217e+00 2.278680609991781125e+00 4.592877759542683402e-01 6.633895859777426685e-01 7.249940892612521948e-01 0.000000000000000000e+00 1.197683702466318501e+00 5.721863488212552973e-01 1.315864695803017126e+00
1.804838220886422651e+00 2.435585183282519939e+00 1.969195486994635980e+00 1.659957353746873032e+00 1.844046737269097402e+00 1.910210500905620501e+00 2.064391708363888078e+00 1.717815271018652723e+00 1.586962548673963580e+00 1.601373094704946487e+00 1.552741465363107309e+00 2.036501075323470467e+00 1.469993081771900689e+00 1.277016165929454772e+00 1.155415101167218017e+00 9.662034038493396704e-01 1.197683702466318501e+00 0.000000000000000000e+00 7.035514439240594387e-01 7.683621044474748807e-01
1.856852305572194606e+00 2.330671417286310998e+00 2.156177196479634794e+00 1.940760627119213044e+00 2.221919869021510507e+00 2.166992871796113107e+00 2.039821656769828184e+00 2.108726635344111866e+00 1.848102181204003269e+00 1.872308404177145169e+00 2.037423368557500503e+00 2.341642036056103215e+00 1.916520269465237902e+00 8.408751486543808440e-01 9.293202489486456219e-01 7.151429711311279025e-01 5.721863488212552973e-01 7.035514439240594387e-01 0.000000000000000000e+00 9.424020324888964240e-01
1.143476082141891004e+00 1.760502525395704954e+00 1.423255688554131204e+00 1.306592481872383527e+00 1.512579842515391126e+00 1.509598667743510703e+00 1.500246768205030001e+00 1.510190268818569104e+00 1.355650775597319058e+00 1.227224050106888509e+00 1.365497611802421352e+00 1.365535855872121118e+00 1.289395630823905403e+00 1.467310027216654600e+00 1.731892949175973806e+00 1.541253534231399991e+00 1.315864695803017126e+00 7.683621044474748807e-01 9.424020324888964240e-01 0.000000000000000000e+00
