0.000000000000000000e+00 1.261287222858681778e+00 7.368922413330961652e-01 6.312064028362782686e-01 7.053756899739340724e-01 4.670632047506795836e-01 3.499755717724128967e-01 8.000298554768833226e-01 1.382264808728574268e+00 8.978829259213240155e-01 7.207830618599088135e-01 9.963023554280836525e-01 4.854901621280427459e-01 1.023862419433187343e+00 2.188857544797802035e+00 8.332746372915651456e-01 8.866475162778122421e-01 1.747052673431637171e+00 7.957670713138307317e-01 7.153959857703064973e-01
1.261287222858681778e+00 0.000000000000000000e+00 1.180354434407580477e+00 1.041030746125409578e+00 1.629952411497710640e+00 1.080508321528196092e+00 1.247375069030270955e+00 6.475258526400561321e-01 1.027296154906777836e+00 1.393165855517207063e+00 1.647578663939083254e+00 6.139033610112721862e-01 1.017609424770354209e+00 1.827781202382280590e+00 3.533971671959981187e+00 5.915945515911132935e-01 1.834718071503993908e+00 2.352640179580052227e+00 8.496783324926511227e-01 8.128410585025567237e-01
7.368922413330961652e-01 1.180354434407580477e+00 0.000000000000000000e+00 5.901909630880142199e-01 7.443105979067040634e-01 4.984269611948423662e-01 5.569493649129479973e-01 9.225533525132045831e-01 1.247328852387155074e+00 8.678463730111428687e-01 7.054543190840985023e-01 9.757838949478888635e-01 4.279433422087559613e-01 1.030151139615325118e+00 2.267171809555745376e+00 9.238254569477494238e-01 7.928115842447136519e-01 1.879570589274533576e+00 7.351337184006264680e-01 8.301963694330654064e-01
6.312064028362782686e-01 1.041030746125409578e+00 5.901909630880142199e-01 0.000000000000000000e+00 9.825365936349983453e-01 4.588050005206572579e-01 6.567306584523155966e-01 6.051703266857831887e-01 1.187000907701954766e+00 1.207057003359287117e+00 1.000697992875163367e+00 7.466941244817689727e-01 3.239648654468769706e-01 1.298470814911979909e+00 2.569622998110594025e+00 6.898081047926684084e-01 1.119883728583277005e+00 2.215140397737771494e+00 4.881208906017080462e-01 4.415431499643354685e-01
7.053756899739340724e-01 1.629952411497710640e+00 7.443105979067040634e-01 9.825365936349983453e-01 0.000000000000000000e+00 8.036493755086409063e-01 5.597450171754727588e-01 1.360427071160554835e+00 1.777118174072824797e+00 9.544414823115638935e-01 1.560597687360849029e-01 1.458645434431323551e+00 8.347641859764214356e-01 5.928227352510057058e-01 1.841620861287807998e+00 1.393171075807609460e+00 3.087175095922934931e-01 1.536777617766612591e+00 1.209428183460207862e+00 1.192886396812117056e+00
4.670632047506795836e-01 1.080508321528196092e+00 4.984269611948423662e-01 4.588050005206572579e-01 8.036493755086409063e-01 0.000000000000000000e+00 3.973241012175114384e-01 7.109403150759761036e-01 1.266949583511013611e+00 8.770042960083357375e-01 7.914392840891263381e-01 8.016403776216498578e-01 3.714092559155439677e-01 1.010818964791299290e+00 2.433552973818055243e+00 7.621829982748974386e-01 9.612144126981392311e-01 1.943162252632068876e+00 5.487963245972702353e-01 6.280469618555616362e-01
3.499755717724128967e-01 1.247375069030270955e+00 5.569493649129479973e-01 6.567306584523155966e-01 5.597450171754727588e-01 3.973241012175114384e-01 0.000000000000000000e+00 8.934051522166639447e-01 1.494846311511445869e+00 8.145720939409553107e-01 5.183697019340046674e-01 1.028719778945005103e+00 4.862342542963314362e-01 9.310615406972226893e-01 2.136504777744566042e+00 8.904668925133807367e-01 6.683409261525277145e-01 1.809274604418344312e+00 7.836439772927346059e-01 8.302424173881892688e-01
8.000298554768833226e-01 6.475258526400561321e-01 9.225533525132045831e-01 6.051703266857831887e-01 1.360427071160554835e+00 7.109403150759761036e-01 8.934051522166639447e-01 0.000000000000000000e+00 1.071421515352418474e+00 1.243599066126304997e+00 1.330788204703276856e+00 5.264998947427843579e-01 6.694313713082417072e-01 1.610698068363555890e+00 3.143616373376128870e+00 5.998277695441411872e-01 1.537499019916240828e+00 2.239017377120898988e+00 4.931548246558322690e-01 5.035314104463974871e-01
1.382264808728574268e+00 1.027296154906777836e+00 1.247328852387155074e+00 1.187000907701954766e+00 1.777118174072824797e+00 1.266949583511013611e+00 1.494846311511445869e+00 1.071421515352418474e+00 0.000000000000000000e+00 1.579693436647948923e+00 1.713948877351159528e+00 9.255928556950507868e-01 1.134047553940451758e+00 1.815978257790176853e+00 3.191995449038114163e+00 1.291806974854024626e+00 1.874659906288898892e+00 2.867335835843661140e+00 9.343082928078746408e-01 1.069005367454748612e+00
8.978829259213240155e-01 1.393165855517207063e+00 8.678463730111428687e-01 1.207057003359287117e+00 9.544414823115638935e-01 8.770042960083357375e-01 8.145720939409553107e-01 1.243599066126304997e+00 1.579693436647948923e+00 0.000000000000000000e+00 8.943634635678980871e-01 1.328858659558877608e+00 1.075429284127570551e+00 9.706106412722962373e-01 1.831321095644818264e+00 1.299128958486772456e+00 9.644775085865614495e-01 1.291228881868970557e+00 1.102967821839415885e+00 1.188444049247408651e+00
7.207830618599088135e-01 1.647578663939083254e+00 7.054543190840985023e-01 1.000697992875163367e+00 1.560597687360849029e-01 7.914392840891263381e-01 5.183697019340046674e-01 1.330788204703276856e+00 1.713948877351159528e+00 8.943634635678980871e-01 0.000000000000000000e+00 1.403851839267695079e+00 8.384319269662248164e-01 5.875933578103728072e-01 1.868895254489709945e+00 1.334596285814739103e+00 3.079763664531564027e-01 1.608219313612871737e+00 1.113533372943848576e+00 1.197599780321372709e+00
9.963023554280836525e-01 6.139033610112721862e-01 9.757838949478888635e-01 7.466941244817689727e-01 1.458645434431323551e+00 8.016403776216498578e-01 1.028719778945005103e+00 5.264998947427843579e-01 9.255928556950507868e-01 1.328858659558877608e+00 1.403851839267695079e+00 0.000000000000000000e+00 7.979240683011004087e-01 1.712012291731096703e+00 2.868138306823727390e+00 6.063592388859798676e-01 1.636017225640095774e+00 2.353045943183921462e+00 5.914347452841095532e-01 6.685618995854325508e-01
4.854901621280427459e-01 1.017609424770354209e+00 4.279433422087559613e-01 3.239648654468769706e-01 8.347641859764214356e-01 3.714092559155439677e-01 4.862342542963314362e-01 6.694313713082417072e-01 1.134047553940451758e+00 1.075429284127570551e+00 8.384319269662248164e-01 7.979240683011004087e-01 0.000000000000000000e+00 1.146514416571035699e+00 2.479381663400556768e+00 6.532910325008883801e-01 9.797646807785364009e-01 2.281589118537235450e+00 5.482029025925083676e-01 4.549869278090289404e-01
1.023862419433187343e+00 1.827781202382280590e+00 1.030151139615325118e+00 1.298470814911979909e+00 5.928227352510057058e-01 1.010818964791299290e+00 9.310615406972226893e-01 1.610698068363555890e+00 1.815978257790176853e+00 9.706106412722962373e-01 5.875933578103728072e-01 1.712012291731096703e+00 1.146514416571035699e+00 0.000000000000000000e+00 1.695834921639862269e+00 1.566439360011080417e+00 4.064045207227209300e-01 1.315676759713022337e+00 1.388321182119640396e+00 1.429463897852663479e+00
2.188857544797802035e+00 3.533971671959981187e+00 2.267171809555745376e+00 2.569622998110594025e+00 1.841620861287807998e+00 2.433552973818055243e+00 2.136504777744566042e+00 3.143616373376128870e+00 3.191995449038114163e+00 1.831321095644818264e+00 1.868895254489709945e+00 2.868138306823727390e+00 2.479381663400556768e+00 1.695834921639862269e+00 0.000000000000000000e+00 2.881029565798137071e+00 1.641624957267222351e+00 1.009910033195715817e+00 2.715093121887568017e+00 2.781027060908020765e+00
8.332746372915651456e-01 5.915945515911132935e-01 9.238254569477494238e-01 6.898081047926684084e-01 1.393171075807609460e+00 7.621829982748974386e-01 8.904668925133807367e-01 5.998277695441411872e-01 1.291806974854024626e+00 1.299128958486772456e+00 1.334596285814739103e+00 6.063592388859798676e-01 6.532910325008883801e-01 1.566439360011080417e+00 2.881029565798137071e+00 0.000000000000000000e+00 1.534314530438600332e+00 2.014156890547346812e+00 5.690849258157759660e-01 4.814604931573724933e-01
8.866475162778122421e-01 1.834718071503993908e+00 7.928115842447136519e-01 1.119883728583277005e+00 3.087175095922934931e-01 9.612144126981392311e-01 6.683409261525277145e-01 1.537499019916240828e+00 1.874659906288898892e+00 9.644775085865614495e-01 3.079763664531564027e-01 1.636017225640095774e+00 9.797646807785364009e-01 4.064045207227209300e-01 1.641624957267222351e+00 1.534314530438600332e+00 0.000000000000000000e+00 1.430636452945333037e+00 1.332933998553957666e+00 1.374357649672033332e+00
1.747052673431637171e+00 2.352640179580052227e+00 1.879570589274533576e+00 2.215140397737771494e+00 1.536777617766612591e+00 1.943162252632068876e+00 1.809274604418344312e+00 2.239017377120898988e+00 2.867335835843661140e+00 1.291228881868970557e+00 1.608219313612871737e+00 2.353045943183921462e+00 2.281589118537235450e+00 1.315676759713022337e+00 1.009910033195715817e+00 2.014156890547346812e+00 1.430636452945333037e+00 0.000000000000000000e+00 2.267036106637392745e+00 2.015599472109930179e+00
7.957670713138307317e-01 8.496783324926511227e-01 7.351337184006264680e-01 4.881208906017080462e-01 1.209428183460207862e+00 5.487963245972702353e-01 7.836439772927346059e-01 4.931548246558322690e-01 9.343082928078746408e-01 1.102967821839415885e+00 1.113533372943848576e+00 5.914347452841095532e-01 5.482029025925083676e-01 1.388321182119640396e+00 2.715093121887568017e+00 5.690849258157759660e-01 1.332933998553957666e+00 2.267036106637392745e+00 0.000000000000000000e+00 4.266687738750633008e-01
7.153959857703064973e-01 8.128410585025567237e-01 8.301963694330654064e-01 4.415431499643354685e-01 1.192886396812117056e+00 6.280469618555616362e-01 8.302424173881892688e-01 5.035314104463974871e-01 1.069005367454748612e+00 1.188444049247408651e+00 1.197599780321372709e+00 6.685618995854325508e-01 4.549869278090289404e-01 1.429463897852663479e+00 2.781027060908020765e+00 4.814604931573724933e-01 1.374357649672033332e+00 2.015599472109930179e+00 4.266687738750633008e-01 0.000000000000000000e+00
